{
 "cells": [
  {
   "cell_type": "markdown",
   "metadata": {},
   "source": [
    "# Reverse the Order of Rows in a Pandas DataFrame\n",
    "\n",
    "The last row becomes the first"
   ]
  },
  {
   "cell_type": "code",
   "execution_count": 2,
   "metadata": {},
   "outputs": [],
   "source": [
    "import pandas as pd\n",
    "import numpy as np"
   ]
  },
  {
   "cell_type": "code",
   "execution_count": 8,
   "metadata": {},
   "outputs": [
    {
     "data": {
      "text/html": [
       "<div>\n",
       "<style>\n",
       "    .dataframe thead tr:only-child th {\n",
       "        text-align: right;\n",
       "    }\n",
       "\n",
       "    .dataframe thead th {\n",
       "        text-align: left;\n",
       "    }\n",
       "\n",
       "    .dataframe tbody tr th {\n",
       "        vertical-align: top;\n",
       "    }\n",
       "</style>\n",
       "<table border=\"1\" class=\"dataframe\">\n",
       "  <thead>\n",
       "    <tr style=\"text-align: right;\">\n",
       "      <th></th>\n",
       "      <th>A</th>\n",
       "      <th>B</th>\n",
       "      <th>C</th>\n",
       "      <th>D</th>\n",
       "      <th>E</th>\n",
       "    </tr>\n",
       "  </thead>\n",
       "  <tbody>\n",
       "    <tr>\n",
       "      <th>0</th>\n",
       "      <td>0.292762</td>\n",
       "      <td>0.798534</td>\n",
       "      <td>0.693663</td>\n",
       "      <td>0.741965</td>\n",
       "      <td>0.887181</td>\n",
       "    </tr>\n",
       "    <tr>\n",
       "      <th>1</th>\n",
       "      <td>0.527995</td>\n",
       "      <td>0.784964</td>\n",
       "      <td>0.493956</td>\n",
       "      <td>0.380082</td>\n",
       "      <td>0.551239</td>\n",
       "    </tr>\n",
       "    <tr>\n",
       "      <th>2</th>\n",
       "      <td>0.020127</td>\n",
       "      <td>0.086345</td>\n",
       "      <td>0.027575</td>\n",
       "      <td>0.806596</td>\n",
       "      <td>0.898991</td>\n",
       "    </tr>\n",
       "    <tr>\n",
       "      <th>3</th>\n",
       "      <td>0.620163</td>\n",
       "      <td>0.064285</td>\n",
       "      <td>0.724025</td>\n",
       "      <td>0.818731</td>\n",
       "      <td>0.804439</td>\n",
       "    </tr>\n",
       "    <tr>\n",
       "      <th>4</th>\n",
       "      <td>0.786508</td>\n",
       "      <td>0.627868</td>\n",
       "      <td>0.860474</td>\n",
       "      <td>0.516742</td>\n",
       "      <td>0.153732</td>\n",
       "    </tr>\n",
       "    <tr>\n",
       "      <th>5</th>\n",
       "      <td>0.940579</td>\n",
       "      <td>0.429238</td>\n",
       "      <td>0.978250</td>\n",
       "      <td>0.014556</td>\n",
       "      <td>0.900462</td>\n",
       "    </tr>\n",
       "    <tr>\n",
       "      <th>6</th>\n",
       "      <td>0.406495</td>\n",
       "      <td>0.043340</td>\n",
       "      <td>0.999418</td>\n",
       "      <td>0.117372</td>\n",
       "      <td>0.155658</td>\n",
       "    </tr>\n",
       "    <tr>\n",
       "      <th>7</th>\n",
       "      <td>0.611396</td>\n",
       "      <td>0.362655</td>\n",
       "      <td>0.255530</td>\n",
       "      <td>0.328416</td>\n",
       "      <td>0.159817</td>\n",
       "    </tr>\n",
       "    <tr>\n",
       "      <th>8</th>\n",
       "      <td>0.699816</td>\n",
       "      <td>0.304070</td>\n",
       "      <td>0.230015</td>\n",
       "      <td>0.857635</td>\n",
       "      <td>0.700372</td>\n",
       "    </tr>\n",
       "    <tr>\n",
       "      <th>9</th>\n",
       "      <td>0.684537</td>\n",
       "      <td>0.557293</td>\n",
       "      <td>0.501021</td>\n",
       "      <td>0.636713</td>\n",
       "      <td>0.531080</td>\n",
       "    </tr>\n",
       "  </tbody>\n",
       "</table>\n",
       "</div>"
      ],
      "text/plain": [
       "          A         B         C         D         E\n",
       "0  0.292762  0.798534  0.693663  0.741965  0.887181\n",
       "1  0.527995  0.784964  0.493956  0.380082  0.551239\n",
       "2  0.020127  0.086345  0.027575  0.806596  0.898991\n",
       "3  0.620163  0.064285  0.724025  0.818731  0.804439\n",
       "4  0.786508  0.627868  0.860474  0.516742  0.153732\n",
       "5  0.940579  0.429238  0.978250  0.014556  0.900462\n",
       "6  0.406495  0.043340  0.999418  0.117372  0.155658\n",
       "7  0.611396  0.362655  0.255530  0.328416  0.159817\n",
       "8  0.699816  0.304070  0.230015  0.857635  0.700372\n",
       "9  0.684537  0.557293  0.501021  0.636713  0.531080"
      ]
     },
     "execution_count": 8,
     "metadata": {},
     "output_type": "execute_result"
    }
   ],
   "source": [
    "data = pd.DataFrame(np.random.random((10, 5)), columns=['A', 'B', 'C', 'D', 'E'])\n",
    "data"
   ]
  },
  {
   "cell_type": "markdown",
   "metadata": {},
   "source": [
    "## Reverse using `df.sort_index()`"
   ]
  },
  {
   "cell_type": "code",
   "execution_count": 12,
   "metadata": {},
   "outputs": [
    {
     "data": {
      "text/html": [
       "<div>\n",
       "<style>\n",
       "    .dataframe thead tr:only-child th {\n",
       "        text-align: right;\n",
       "    }\n",
       "\n",
       "    .dataframe thead th {\n",
       "        text-align: left;\n",
       "    }\n",
       "\n",
       "    .dataframe tbody tr th {\n",
       "        vertical-align: top;\n",
       "    }\n",
       "</style>\n",
       "<table border=\"1\" class=\"dataframe\">\n",
       "  <thead>\n",
       "    <tr style=\"text-align: right;\">\n",
       "      <th></th>\n",
       "      <th>A</th>\n",
       "      <th>B</th>\n",
       "      <th>C</th>\n",
       "      <th>D</th>\n",
       "      <th>E</th>\n",
       "    </tr>\n",
       "  </thead>\n",
       "  <tbody>\n",
       "    <tr>\n",
       "      <th>9</th>\n",
       "      <td>0.684537</td>\n",
       "      <td>0.557293</td>\n",
       "      <td>0.501021</td>\n",
       "      <td>0.636713</td>\n",
       "      <td>0.531080</td>\n",
       "    </tr>\n",
       "    <tr>\n",
       "      <th>8</th>\n",
       "      <td>0.699816</td>\n",
       "      <td>0.304070</td>\n",
       "      <td>0.230015</td>\n",
       "      <td>0.857635</td>\n",
       "      <td>0.700372</td>\n",
       "    </tr>\n",
       "    <tr>\n",
       "      <th>7</th>\n",
       "      <td>0.611396</td>\n",
       "      <td>0.362655</td>\n",
       "      <td>0.255530</td>\n",
       "      <td>0.328416</td>\n",
       "      <td>0.159817</td>\n",
       "    </tr>\n",
       "    <tr>\n",
       "      <th>6</th>\n",
       "      <td>0.406495</td>\n",
       "      <td>0.043340</td>\n",
       "      <td>0.999418</td>\n",
       "      <td>0.117372</td>\n",
       "      <td>0.155658</td>\n",
       "    </tr>\n",
       "    <tr>\n",
       "      <th>5</th>\n",
       "      <td>0.940579</td>\n",
       "      <td>0.429238</td>\n",
       "      <td>0.978250</td>\n",
       "      <td>0.014556</td>\n",
       "      <td>0.900462</td>\n",
       "    </tr>\n",
       "    <tr>\n",
       "      <th>4</th>\n",
       "      <td>0.786508</td>\n",
       "      <td>0.627868</td>\n",
       "      <td>0.860474</td>\n",
       "      <td>0.516742</td>\n",
       "      <td>0.153732</td>\n",
       "    </tr>\n",
       "    <tr>\n",
       "      <th>3</th>\n",
       "      <td>0.620163</td>\n",
       "      <td>0.064285</td>\n",
       "      <td>0.724025</td>\n",
       "      <td>0.818731</td>\n",
       "      <td>0.804439</td>\n",
       "    </tr>\n",
       "    <tr>\n",
       "      <th>2</th>\n",
       "      <td>0.020127</td>\n",
       "      <td>0.086345</td>\n",
       "      <td>0.027575</td>\n",
       "      <td>0.806596</td>\n",
       "      <td>0.898991</td>\n",
       "    </tr>\n",
       "    <tr>\n",
       "      <th>1</th>\n",
       "      <td>0.527995</td>\n",
       "      <td>0.784964</td>\n",
       "      <td>0.493956</td>\n",
       "      <td>0.380082</td>\n",
       "      <td>0.551239</td>\n",
       "    </tr>\n",
       "    <tr>\n",
       "      <th>0</th>\n",
       "      <td>0.292762</td>\n",
       "      <td>0.798534</td>\n",
       "      <td>0.693663</td>\n",
       "      <td>0.741965</td>\n",
       "      <td>0.887181</td>\n",
       "    </tr>\n",
       "  </tbody>\n",
       "</table>\n",
       "</div>"
      ],
      "text/plain": [
       "          A         B         C         D         E\n",
       "9  0.684537  0.557293  0.501021  0.636713  0.531080\n",
       "8  0.699816  0.304070  0.230015  0.857635  0.700372\n",
       "7  0.611396  0.362655  0.255530  0.328416  0.159817\n",
       "6  0.406495  0.043340  0.999418  0.117372  0.155658\n",
       "5  0.940579  0.429238  0.978250  0.014556  0.900462\n",
       "4  0.786508  0.627868  0.860474  0.516742  0.153732\n",
       "3  0.620163  0.064285  0.724025  0.818731  0.804439\n",
       "2  0.020127  0.086345  0.027575  0.806596  0.898991\n",
       "1  0.527995  0.784964  0.493956  0.380082  0.551239\n",
       "0  0.292762  0.798534  0.693663  0.741965  0.887181"
      ]
     },
     "execution_count": 12,
     "metadata": {},
     "output_type": "execute_result"
    }
   ],
   "source": [
    "data.sort_index(axis=0 ,ascending=False)"
   ]
  },
  {
   "cell_type": "markdown",
   "metadata": {},
   "source": [
    "## Reverse using `df.iloc[]`"
   ]
  },
  {
   "cell_type": "code",
   "execution_count": 13,
   "metadata": {},
   "outputs": [
    {
     "data": {
      "text/html": [
       "<div>\n",
       "<style>\n",
       "    .dataframe thead tr:only-child th {\n",
       "        text-align: right;\n",
       "    }\n",
       "\n",
       "    .dataframe thead th {\n",
       "        text-align: left;\n",
       "    }\n",
       "\n",
       "    .dataframe tbody tr th {\n",
       "        vertical-align: top;\n",
       "    }\n",
       "</style>\n",
       "<table border=\"1\" class=\"dataframe\">\n",
       "  <thead>\n",
       "    <tr style=\"text-align: right;\">\n",
       "      <th></th>\n",
       "      <th>A</th>\n",
       "      <th>B</th>\n",
       "      <th>C</th>\n",
       "      <th>D</th>\n",
       "      <th>E</th>\n",
       "    </tr>\n",
       "  </thead>\n",
       "  <tbody>\n",
       "    <tr>\n",
       "      <th>9</th>\n",
       "      <td>0.684537</td>\n",
       "      <td>0.557293</td>\n",
       "      <td>0.501021</td>\n",
       "      <td>0.636713</td>\n",
       "      <td>0.531080</td>\n",
       "    </tr>\n",
       "    <tr>\n",
       "      <th>8</th>\n",
       "      <td>0.699816</td>\n",
       "      <td>0.304070</td>\n",
       "      <td>0.230015</td>\n",
       "      <td>0.857635</td>\n",
       "      <td>0.700372</td>\n",
       "    </tr>\n",
       "    <tr>\n",
       "      <th>7</th>\n",
       "      <td>0.611396</td>\n",
       "      <td>0.362655</td>\n",
       "      <td>0.255530</td>\n",
       "      <td>0.328416</td>\n",
       "      <td>0.159817</td>\n",
       "    </tr>\n",
       "    <tr>\n",
       "      <th>6</th>\n",
       "      <td>0.406495</td>\n",
       "      <td>0.043340</td>\n",
       "      <td>0.999418</td>\n",
       "      <td>0.117372</td>\n",
       "      <td>0.155658</td>\n",
       "    </tr>\n",
       "    <tr>\n",
       "      <th>5</th>\n",
       "      <td>0.940579</td>\n",
       "      <td>0.429238</td>\n",
       "      <td>0.978250</td>\n",
       "      <td>0.014556</td>\n",
       "      <td>0.900462</td>\n",
       "    </tr>\n",
       "    <tr>\n",
       "      <th>4</th>\n",
       "      <td>0.786508</td>\n",
       "      <td>0.627868</td>\n",
       "      <td>0.860474</td>\n",
       "      <td>0.516742</td>\n",
       "      <td>0.153732</td>\n",
       "    </tr>\n",
       "    <tr>\n",
       "      <th>3</th>\n",
       "      <td>0.620163</td>\n",
       "      <td>0.064285</td>\n",
       "      <td>0.724025</td>\n",
       "      <td>0.818731</td>\n",
       "      <td>0.804439</td>\n",
       "    </tr>\n",
       "    <tr>\n",
       "      <th>2</th>\n",
       "      <td>0.020127</td>\n",
       "      <td>0.086345</td>\n",
       "      <td>0.027575</td>\n",
       "      <td>0.806596</td>\n",
       "      <td>0.898991</td>\n",
       "    </tr>\n",
       "    <tr>\n",
       "      <th>1</th>\n",
       "      <td>0.527995</td>\n",
       "      <td>0.784964</td>\n",
       "      <td>0.493956</td>\n",
       "      <td>0.380082</td>\n",
       "      <td>0.551239</td>\n",
       "    </tr>\n",
       "    <tr>\n",
       "      <th>0</th>\n",
       "      <td>0.292762</td>\n",
       "      <td>0.798534</td>\n",
       "      <td>0.693663</td>\n",
       "      <td>0.741965</td>\n",
       "      <td>0.887181</td>\n",
       "    </tr>\n",
       "  </tbody>\n",
       "</table>\n",
       "</div>"
      ],
      "text/plain": [
       "          A         B         C         D         E\n",
       "9  0.684537  0.557293  0.501021  0.636713  0.531080\n",
       "8  0.699816  0.304070  0.230015  0.857635  0.700372\n",
       "7  0.611396  0.362655  0.255530  0.328416  0.159817\n",
       "6  0.406495  0.043340  0.999418  0.117372  0.155658\n",
       "5  0.940579  0.429238  0.978250  0.014556  0.900462\n",
       "4  0.786508  0.627868  0.860474  0.516742  0.153732\n",
       "3  0.620163  0.064285  0.724025  0.818731  0.804439\n",
       "2  0.020127  0.086345  0.027575  0.806596  0.898991\n",
       "1  0.527995  0.784964  0.493956  0.380082  0.551239\n",
       "0  0.292762  0.798534  0.693663  0.741965  0.887181"
      ]
     },
     "execution_count": 13,
     "metadata": {},
     "output_type": "execute_result"
    }
   ],
   "source": [
    "data.iloc[::-1]"
   ]
  },
  {
   "cell_type": "code",
   "execution_count": null,
   "metadata": {},
   "outputs": [],
   "source": []
  }
 ],
 "metadata": {
  "kernelspec": {
   "display_name": "Python 3",
   "language": "python",
   "name": "python3"
  },
  "language_info": {
   "codemirror_mode": {
    "name": "ipython",
    "version": 3
   },
   "file_extension": ".py",
   "mimetype": "text/x-python",
   "name": "python",
   "nbconvert_exporter": "python",
   "pygments_lexer": "ipython3",
   "version": "3.5.2"
  }
 },
 "nbformat": 4,
 "nbformat_minor": 2
}
